@base
Base_1@15087.5 -50

@target
425 0
425 13064.14
850 0
850 13064.14
1275 0
1275 13064.14
1700 0
1700 13064.14
2125 0
2125 13064.14
2550 0
2550 13064.14
2975 0
2975 13064.14
3400 0
3400 13064.14
3825 0
3825 13064.14
4250 0
4250 13064.14
4675 0
4675 13064.14
5100 0
5100 13064.14
5525 0
5525 13064.14
5950 0
5950 13064.14
6375 0
6375 13064.14
6800 0
6800 13064.14
7225 0
7225 13064.14
7650 0
7650 13064.14
8075 0
8075 13064.14
8500 0
8500 13064.14
8925 0
8925 13064.14
9350 0
9350 13064.14
9775 0
9775 13064.14
10200 0
10200 13064.14
10625 0
10625 13064.14
11050 0
11050 13064.14
11475 0
11475 13064.14
11900 0
11900 13064.14
12325 0
12325 13064.14
12750 0
12750 13064.14
13175 0
13175 13064.14
13600 0
13600 13064.14
14025 0
14025 13064.14
14450 0
14450 13064.14
14875 0
14875 13064.14
15300 0
15300 13064.14
15725 0
15725 13064.14
16150 0
16150 13064.14
16575 0
16575 13064.14
17000 0
17000 13064.14
17425 0
17425 13064.14
17850 0
17850 13064.14
18275 0
18275 13064.14
18700 0
18700 13064.14
19125 0
19125 13064.14
19550 0
19550 13064.14
19975 0
19975 13064.14
20400 0
20400 13064.14
20825 0
20825 13064.14
21250 0
21250 13064.14
21675 0
21675 13064.14
22100 0
22100 13064.14
22525 0
22525 13064.14
22950 0
22950 13064.14
23375 0
23375 13064.14
23800 0
23800 13064.14
24225 0
24225 13064.14
24650 0
24650 13064.14
25075 0
25075 13064.14
25500 0
25500 13064.14
25925 0
25925 13064.14
26350 0
26350 13064.14
26775 0
26775 13064.14
27200 0
27200 13064.14
27625 0
27625 13064.14
28050 0
28050 13064.14
28475 0
28475 13064.14
28900 0
28900 13064.14
29325 0
29325 13064.14
29750 0
29750 13064.14

@robots_configuration
configId:Config_3
maxVel:15
maxFuel:1320
prop:2.73
configId:Config_2
maxVel:16
maxFuel:1800
prop:2.00
configId:Config_1
maxVel:15
maxFuel:1200
prop:3.00

@robot
robotId:Robot_1
configId:Config_3

robotId:Robot_2
configId:Config_3

robotId:Robot_3
configId:Config_3

robotId:Robot_4
configId:Config_2

robotId:Robot_5
configId:Config_2

robotId:Robot_6
configId:Config_2

robotId:Robot_7
configId:Config_1

robotId:Robot_8
configId:Config_1

robotId:Robot_9
configId:Config_1


@robot_base
Robot_1@Base_1
Robot_2@Base_1
Robot_3@Base_1
Robot_4@Base_1
Robot_5@Base_1
Robot_6@Base_1
Robot_7@Base_1
Robot_8@Base_1
Robot_9@Base_1

@param
nexec:15
n:50
cvl_subset:5
