@base
Base_1@7650 -50

@target
425 0
425 16047.38
850 0
850 13120.72
1275 0
1275 12821.08
1700 0
1700 15092.87
2125 0
2125 14134.65
2550 0
2550 15601.55
2975 0
2975 15183.46
3400 0
3400 14686.87
3825 0
3825 14560.87
4250 0
4250 15810.18
4675 0
4675 12780.75
5100 0
5100 13959.6
5525 0
5525 14827.07
5950 0
5950 13844.88
6375 0
6375 14431.54
6800 0
6800 12792.81
7225 0
7225 16182.85
7650 0
7650 15533.27
8075 0
8075 13769.44
8500 0
8500 14658.39
8925 0
8925 15865.31
9350 0
9350 14770.03
9775 0
9775 13614.69
10200 0
10200 13032.14
10625 0
10625 13916.62
11050 0
11050 14421.82
11475 0
11475 15152.97
11900 0
11900 15794.46
12325 0
12325 12811.09
12750 0
12750 15184.14
13175 0
13175 14806.31
13600 0
13600 14257.54
14025 0
14025 15907.56
14450 0
14450 16089.1
14875 0
14875 14905.16

@robots_configuration
configId:Config_3
maxVel:15
maxFuel:1320
prop:2.73
configId:Config_2
maxVel:16
maxFuel:1800
prop:2.00
configId:Config_1
maxVel:15
maxFuel:1200
prop:3.00

@robot
robotId:Robot_1
configId:Config_3

robotId:Robot_2
configId:Config_2

robotId:Robot_3
configId:Config_1

@robot_base
Robot_1@Base_1
Robot_2@Base_1
Robot_3@Base_1

@param
nexec:1
m:15
n:4
cvl_subset:3


