Depots|Largest paths cost|Robot ID
4;9983.68;3
from to f
0;53;768.961
53;23;0
23;24;2745
24;22;85.0318
22;21;2066.7
21;51;0
51;58;904.462
58;26;492.952
26;25;2328.3
25;0;592.277
Depots|Largest paths cost|Robot ID
4;9983.68;3
from to f
0;53;768.961
53;23;0
23;24;2745
24;22;85.0318
22;21;2066.7
21;51;0
51;58;904.462
58;26;492.952
26;25;2328.3
25;0;592.277
Depots|Largest paths cost|Robot ID
4;9983.68;3
from to f
0;53;768.961
53;23;0
23;24;2745
24;22;85.0318
22;21;2066.7
21;51;0
51;58;904.462
58;26;492.952
26;25;2328.3
25;0;592.277
